t y_числен y_аналит |y_числен - y_аналит|
0.000 1.00e+00 1.00e+00 0.00e+00
0.025 1.00e+00 1.00e+00 6.25e-04
0.050 1.00e+00 1.00e+00 1.25e-03
0.075 1.00e+00 1.01e+00 1.89e-03
0.100 1.01e+00 1.01e+00 2.53e-03
0.125 1.01e+00 1.02e+00 3.19e-03
0.150 1.02e+00 1.02e+00 3.87e-03
0.175 1.03e+00 1.03e+00 4.57e-03
0.200 1.04e+00 1.04e+00 5.30e-03
0.225 1.05e+00 1.05e+00 6.07e-03
0.250 1.06e+00 1.06e+00 6.87e-03
0.275 1.07e+00 1.08e+00 7.71e-03
0.300 1.09e+00 1.09e+00 8.60e-03
0.325 1.10e+00 1.11e+00 9.55e-03
0.350 1.12e+00 1.13e+00 1.06e-02
0.375 1.14e+00 1.15e+00 1.16e-02
0.400 1.16e+00 1.17e+00 1.28e-02
0.425 1.18e+00 1.20e+00 1.40e-02
0.450 1.21e+00 1.22e+00 1.54e-02
0.475 1.24e+00 1.25e+00 1.68e-02
0.500 1.27e+00 1.28e+00 1.84e-02
0.525 1.30e+00 1.32e+00 2.01e-02
0.550 1.33e+00 1.35e+00 2.19e-02
0.575 1.37e+00 1.39e+00 2.39e-02
0.600 1.41e+00 1.43e+00 2.60e-02
0.625 1.45e+00 1.48e+00 2.84e-02
0.650 1.49e+00 1.53e+00 3.10e-02
0.675 1.54e+00 1.58e+00 3.38e-02
0.700 1.60e+00 1.63e+00 3.68e-02
0.725 1.65e+00 1.69e+00 4.02e-02
0.750 1.71e+00 1.76e+00 4.39e-02
0.775 1.78e+00 1.82e+00 4.79e-02
0.800 1.84e+00 1.90e+00 5.23e-02
0.825 1.92e+00 1.98e+00 5.72e-02
0.850 2.00e+00 2.06e+00 6.25e-02
0.875 2.08e+00 2.15e+00 6.84e-02
0.900 2.17e+00 2.25e+00 7.49e-02
0.925 2.27e+00 2.35e+00 8.21e-02
0.950 2.38e+00 2.47e+00 9.00e-02
0.975 2.49e+00 2.59e+00 9.87e-02
1.000 2.61e+00 2.72e+00 1.08e-01
