t y_числен y_аналит |y_числен - y_аналит|
0.000 1.00e+00 1.00e+00 0.00e+00
0.050 1.00e+00 1.00e+00 3.13e-06
0.100 1.01e+00 1.01e+00 6.35e-06
0.150 1.02e+00 1.02e+00 9.92e-06
0.200 1.04e+00 1.04e+00 1.42e-05
0.250 1.06e+00 1.06e+00 1.98e-05
0.300 1.09e+00 1.09e+00 2.74e-05
0.350 1.13e+00 1.13e+00 3.80e-05
0.400 1.17e+00 1.17e+00 5.30e-05
0.450 1.22e+00 1.22e+00 7.42e-05
0.500 1.28e+00 1.28e+00 1.04e-04
0.550 1.35e+00 1.35e+00 1.45e-04
0.600 1.43e+00 1.43e+00 2.01e-04
0.650 1.53e+00 1.53e+00 2.78e-04
0.700 1.63e+00 1.63e+00 3.81e-04
0.750 1.75e+00 1.76e+00 5.21e-04
0.800 1.90e+00 1.90e+00 7.07e-04
0.850 2.06e+00 2.06e+00 9.55e-04
0.900 2.25e+00 2.25e+00 1.28e-03
0.950 2.46e+00 2.47e+00 1.72e-03
1.000 2.72e+00 2.72e+00 2.29e-03
