t y_числен y_аналит |y_числен - y_аналит|
0.000 1.00e+00 1.00e+00 0.00e+00
0.025 1.00e+00 1.00e+00 1.95e-07
0.050 1.00e+00 1.00e+00 7.83e-07
0.075 1.01e+00 1.01e+00 1.77e-06
0.100 1.01e+00 1.01e+00 3.17e-06
0.125 1.02e+00 1.02e+00 4.99e-06
0.150 1.02e+00 1.02e+00 7.26e-06
0.175 1.03e+00 1.03e+00 1.00e-05
0.200 1.04e+00 1.04e+00 1.33e-05
0.225 1.05e+00 1.05e+00 1.71e-05
0.250 1.06e+00 1.06e+00 2.15e-05
0.275 1.08e+00 1.08e+00 2.65e-05
0.300 1.09e+00 1.09e+00 3.23e-05
0.325 1.11e+00 1.11e+00 3.88e-05
0.350 1.13e+00 1.13e+00 4.63e-05
0.375 1.15e+00 1.15e+00 5.46e-05
0.400 1.17e+00 1.17e+00 6.41e-05
0.425 1.20e+00 1.20e+00 7.47e-05
0.450 1.22e+00 1.22e+00 8.66e-05
0.475 1.25e+00 1.25e+00 1.00e-04
0.500 1.28e+00 1.28e+00 1.15e-04
0.525 1.32e+00 1.32e+00 1.32e-04
0.550 1.35e+00 1.35e+00 1.51e-04
0.575 1.39e+00 1.39e+00 1.72e-04
0.600 1.43e+00 1.43e+00 1.96e-04
0.625 1.48e+00 1.48e+00 2.23e-04
0.650 1.53e+00 1.53e+00 2.53e-04
0.675 1.58e+00 1.58e+00 2.86e-04
0.700 1.63e+00 1.63e+00 3.24e-04
0.725 1.69e+00 1.69e+00 3.66e-04
0.750 1.75e+00 1.76e+00 4.14e-04
0.775 1.82e+00 1.82e+00 4.67e-04
0.800 1.90e+00 1.90e+00 5.27e-04
0.825 1.97e+00 1.98e+00 5.95e-04
0.850 2.06e+00 2.06e+00 6.70e-04
0.875 2.15e+00 2.15e+00 7.55e-04
0.900 2.25e+00 2.25e+00 8.51e-04
0.925 2.35e+00 2.35e+00 9.59e-04
0.950 2.46e+00 2.47e+00 1.08e-03
0.975 2.59e+00 2.59e+00 1.22e-03
1.000 2.72e+00 2.72e+00 1.37e-03
