t y_числен y_аналит |y_числен - y_аналит|
0.000 1.00e+00 1.00e+00 0.00e+00
0.025 1.00e+00 1.00e+00 1.95e-07
0.050 1.00e+00 1.00e+00 3.92e-07
0.075 1.01e+00 1.01e+00 5.94e-07
0.100 1.01e+00 1.01e+00 8.07e-07
0.125 1.02e+00 1.02e+00 1.04e-06
0.150 1.02e+00 1.02e+00 1.30e-06
0.175 1.03e+00 1.03e+00 1.60e-06
0.200 1.04e+00 1.04e+00 1.96e-06
0.225 1.05e+00 1.05e+00 2.39e-06
0.250 1.06e+00 1.06e+00 2.92e-06
0.275 1.08e+00 1.08e+00 3.57e-06
0.300 1.09e+00 1.09e+00 4.37e-06
0.325 1.11e+00 1.11e+00 5.35e-06
0.350 1.13e+00 1.13e+00 6.55e-06
0.375 1.15e+00 1.15e+00 8.02e-06
0.400 1.17e+00 1.17e+00 9.80e-06
0.425 1.20e+00 1.20e+00 1.20e-05
0.450 1.22e+00 1.22e+00 1.46e-05
0.475 1.25e+00 1.25e+00 1.77e-05
0.500 1.28e+00 1.28e+00 2.14e-05
0.525 1.32e+00 1.32e+00 2.58e-05
0.550 1.35e+00 1.35e+00 3.11e-05
0.575 1.39e+00 1.39e+00 3.73e-05
0.600 1.43e+00 1.43e+00 4.46e-05
0.625 1.48e+00 1.48e+00 5.32e-05
0.650 1.53e+00 1.53e+00 6.32e-05
0.675 1.58e+00 1.58e+00 7.50e-05
0.700 1.63e+00 1.63e+00 8.87e-05
0.725 1.69e+00 1.69e+00 1.05e-04
0.750 1.75e+00 1.76e+00 1.23e-04
0.775 1.82e+00 1.82e+00 1.45e-04
0.800 1.90e+00 1.90e+00 1.70e-04
0.825 1.97e+00 1.98e+00 1.98e-04
0.850 2.06e+00 2.06e+00 2.32e-04
0.875 2.15e+00 2.15e+00 2.70e-04
0.900 2.25e+00 2.25e+00 3.14e-04
0.925 2.35e+00 2.35e+00 3.66e-04
0.950 2.47e+00 2.47e+00 4.24e-04
0.975 2.59e+00 2.59e+00 4.92e-04
1.000 2.72e+00 2.72e+00 5.70e-04
