t y_числен y_аналит |y_числен - y_аналит|
0.000 1.00e+00 1.00e+00 0.00e+00
0.050 1.00e+00 1.00e+00 3.13e-06
0.100 1.01e+00 1.01e+00 1.26e-05
0.150 1.02e+00 1.02e+00 2.89e-05
0.200 1.04e+00 1.04e+00 5.27e-05
0.250 1.06e+00 1.06e+00 8.51e-05
0.300 1.09e+00 1.09e+00 1.28e-04
0.350 1.13e+00 1.13e+00 1.83e-04
0.400 1.17e+00 1.17e+00 2.53e-04
0.450 1.22e+00 1.22e+00 3.41e-04
0.500 1.28e+00 1.28e+00 4.53e-04
0.550 1.35e+00 1.35e+00 5.93e-04
0.600 1.43e+00 1.43e+00 7.68e-04
0.650 1.52e+00 1.53e+00 9.89e-04
0.700 1.63e+00 1.63e+00 1.27e-03
0.750 1.75e+00 1.76e+00 1.61e-03
0.800 1.89e+00 1.90e+00 2.05e-03
0.850 2.06e+00 2.06e+00 2.61e-03
0.900 2.24e+00 2.25e+00 3.30e-03
0.950 2.46e+00 2.47e+00 4.19e-03
1.000 2.71e+00 2.72e+00 5.31e-03
