t y_числен y_аналит |y_числен - y_аналит|
0.000 1.00e+00 1.00e+00 0.00e+00
0.050 1.00e+00 1.00e+00 2.50e-03
0.100 1.01e+00 1.01e+00 5.05e-03
0.150 1.02e+00 1.02e+00 7.71e-03
0.200 1.03e+00 1.04e+00 1.05e-02
0.250 1.05e+00 1.06e+00 1.36e-02
0.300 1.08e+00 1.09e+00 1.70e-02
0.350 1.11e+00 1.13e+00 2.09e-02
0.400 1.15e+00 1.17e+00 2.52e-02
0.450 1.19e+00 1.22e+00 3.02e-02
0.500 1.25e+00 1.28e+00 3.61e-02
0.550 1.31e+00 1.35e+00 4.29e-02
0.600 1.38e+00 1.43e+00 5.09e-02
0.650 1.47e+00 1.53e+00 6.04e-02
0.700 1.56e+00 1.63e+00 7.17e-02
0.750 1.67e+00 1.76e+00 8.52e-02
0.800 1.80e+00 1.90e+00 1.01e-01
0.850 1.94e+00 2.06e+00 1.21e-01
0.900 2.10e+00 2.25e+00 1.44e-01
0.950 2.29e+00 2.47e+00 1.73e-01
1.000 2.51e+00 2.72e+00 2.08e-01
